barcode-processed
021130075034
071142000067
071142000050
071142817771
071142009480
071142000098
071142000104
071142004003
071142423781
071142000500
071142334162
071142000012
071142000159
382903208821
678885208189
678885208233
678885204013
678885199968
678885209537
678885199920
678885199913
678885204013
678885203733
678885203757
071817000217
021130290260
840243122585
041570068366
018200261886
039400019770
842595106596
842595121766
842595109542
842595118896
810390029075
810390029181
842595125245
842595119268
842595113020
86287100032
85493400729
86287100031
85493400737
86287100033
075140005154
075140350018
8006
8006
098218831004
098218840006
075140005055
075140005000
075140068012
075140065059
654871180066
075140065028
7800008216
7800008216
8086826000
8086826000
8086800035
8086800035
8086800010
8086800010
8086806019
8086806019
850006364404
856153008024
5907996092680
041137000075
041137012412
041137002871
041137005377
021130405145
0081002354000
887480133028
321130777342
037000803157
632565000036
632565000654
632565000029
632565000098
632565000104
632565000623
052000135176
052000046786
052000135138
052000135169
052000135084
052000042320
052000042344
01563003
01563003
865240000476
860002521404
035022100117
477167604795
9781400200955
088682791218
036000546583
9336781023169
075997007189
045242509232
012044029831
012044045114
070074676043
070074676081
070074675992
023100033204
853303007166
068274735295
068274360275
068274360244
068274432279
021130334148
017800154949
017800154529
3000031208
3000031208
3000056828
3000056828
3000001499
3000001499
3000001210
3000001210
3000056737
3000056737
3000056589
3000056589
3000031678
3000031678
3000031684
3000031684
3000026872
3000026872
3000001800
3000001800
3000026291
3000026291
3000001190
3000001190
3000001240
3000001240
027701009773
3915310132
3915310132
0063345611538
0008131210178
0008131210001
0004869600502
1530043028
1530043028
1530043024
1530043024
1530043034
1530043034
1530043025
1530043025
1530043023
1530043023
1530043061
1530043061
1530001406
1530001406
1530043980
1530043980
1530043048
1530043048
1530043060
1530043060
1530043078
1530043078
1530043030
1530043030
1530043047
1530043047
1530043059
1530043059
1530043053
1530043053
1600048795
1600048795
0085564300604
0085564300605
021130074471
021130240326
021130334254
021130240821
021130095339
021130094110
021130094431
732913451777
36302954
36302954
36300190
36300190
36302538
36302538
36300038
36300038
36302930
36302930
021130262779
021130175116
021130152285
021130338221
021130542291
021130542260
021130138340
021130334759
021130293155
021130338290
021130275755
021130275748
021130338238
016571956554
016571956875
037000962526
325405945292
037000280743
037083014143
634868926440
X0035OEJJH
X0035OEJJH
856652006002
6456322336
6456322336
6456322913
6456322913
6456322914
6456322914
079941118112
678885199753
678885199913
612225804013
678885203733
678885199982
678885203757
810390029198
842595116243
842595106572
020066220198
700374715321
134915033683
041322356475
041322356536
041322311412
717854154161
717854154192
717854154178
021130087143
079893122687
852455005846
852455005853
852455005860
852455005891
852455005884
852455005914
852455005877
072830081092
072830081276
072830081368
072830081269
072830081061
072830081207
072830081108
072830081153
041548312606
041548616049
072554387456
072554721830
072554110573
072554111198
072554112058
073202894555
073202894517
031000671051
031000671037
031000671006
031000671020
031000671013
031000671044
031000671068
028989101020
028989101044
028989102911
028989101105
028989101297
028989100924
028989100887
028989971104
031000670023
031000670061
031000670238
010878810861
031000670016
031000670009
031000009113
031000670054
031000009120
031000700003
767226025056
767226339474
767226037363
767226339566
767226023717
767226021027
014500021342
014500022837
014500021830
014500021328
038000051982
038000402609
038000492761
038000402906
038000492747
038000402807
038000403408
038000711978
038000403101
038000578731
038000275524
038000275449
038000247132
038000260667
038000348952
038000396731
038000403200
038000405006
038000404405
038000333644
038000333606
038000256035
853363000176
853363000121
021130095889
021130095575
021130164233
021130495757
021130095988
021130095674
021130095681
021130095698
021130095933
021130095940
021130095766
705599013225
705599015137
705599014802
705599012211
705599012150
705599013201
079893801155
079893801162
089947302200
089947302064
089947302033
079606020552
077298044306
077900502576
810001561284
810001561246
058449590545
031000620004
042272009640
643130314601
013800190031
021130119004
021130119028
834183007712
853363000121
020662006028
028989577993
028989101082
028989102911
028989101105
028989101082
028989101020
860005203192
021000070770
073321000233
815294000199
079893111742
041548312606
186852001638
070640017867
850001974127
074570428540
074570033102
850001974400
041548605104
041548751504
070640021376
071921016692
021130092109
032100083638
032100083621
043695075113
043695075120
015900140350
042800118394
079606010454
071007189326
043000009536
43010167
43010167
032100083638
020000273327
020000447124
190569504993
021130134250
041548750927
041548413624
072554110184
073321044060
769828120450
186852001652
077865002579
070934996823
041548833798
074570023103
075856031140
072554459245
074570652204
815294000205
815294000083
072554642432
070960000112
079893311081
079893311098
079893311128
851035003326
074608350164
021130001750
037363986634
071429665613
079893390406
766626253892
051500048160
051500048153
082988000067
042272000517
042272000302
072655001824
072655001329
072655001015
072655001077
072655001084
071921008291
013800118141
738912330013
013800356963
013800103406
013800188052
013800447883
013800558121
025800020393
071921290535
071921624910
075706151011
021131506919
042272000203
042272000210
079893311166
079893121253
079893311173
079893160580
079893125299
079893123165
079893160573
079893311180
037363984128
082988010066
071921003388
071921638962
037363984128
042272000814
042272009244
013800310507
079606064341
031000670733
037363009128
021130295197
851035003562
004227200176
004227200811
004227201056
004227201128
004227200924
004227200032
003100067100
003100067101
003100067102
003100067103
003100067104
003100067106
003100067000
003100067002
003100067006
003100067193
003100070000
001450002283
001450002183
001450002129
001450002130
001450002134
001450002158
002000000086
002000017681
019056952218
019056952219
019056953779
019056953781
007989340654
007989340655
007989340260
007989340651
007989340752
007989340656
003736398378
003736398373
003736398662
003736398408
003736398412
007989340654
007989340655
007989340260
007989340651
007989340752
007989340656
007989340173
007989340175
007989340174
007989312388
007989340176
007989340182
002113009951
021130094998
004767748396
004767748398
004164110101
004164110104
004164120103
004082244010
004082244011
004164130102
002113010939
002113010940
002113010941
002113010949
007008503508
007008503512
004280011845
004280011846
002113009218
069781201230
069781201232
002113009851
002113009853
002113009854
064313030715
064313030800
064313031460
064313032361
003120505100
003120505200
003120506000
003120507000
007989312125
007989331116
007989331117
007989331118
002113011903
002113011900
021130119011
003800040260
003800040290
003800040320
003800040340
003800040500
003100018454
003100018462
003100018464
003100030744
003100010100
003100010101
003100010102
003100010103
002113009202
002113009260
002113009207
002113009213
002113009206
002113009226
007989340275
007989340751
007989340274
007989340754
002113009576
002113009593
002113009594
003800040280
003800033364
003800040310
007684010015
07684010132
007684010098
007684010047
007684048511
076840100583
007684040005
007684007657
007684010004
007756725423
007756725424
007756725426
007756763624
007756725450
007756725443
004154875092
004154845085
004154802685
004154800385
004154845186
002113019234
002113008800
002113008802
002113008818
002113008884
002113008949
002113009261
004300000953
004300000950
061278110104
061278110150
061278110191
061278110141
720815986046
013800047199
637480090223
016741000100
071921477639
859543007300
071921949471
079893123868
072180634733
072180639790
072180566386
072180632456
072180634719
072180638113
072180639837
072180636942
072180637178
072180634696
072180630698
072180634290
071007405204
071007507427
072655454422
072655001046
072554609886
000000058049
013800190024
071007722110
070077811298
051500029459
04369507512
021131905330
079893311104
071921008284
079893106724
071921925802
071921952594
021131301040
021131301347
021130242566
041000053153
021131350499
051000062765
021130206339
852629004897
047500481014
852455005518
074570980253
074570950157
816680010112
021130088003
850034580050
076840036745
076840101184
074570114009
079893111889
076840363957
074570484188
4710122205042
853149008068
075140301218
037363983732
031000671860
043695071092
043695071115
850015996009
850015996016
021130119103
738912022369
738912022703
013800103420
021130093588
041548620107
850034580067
850034580043
850034580036
811463036334
755440000812
851035003319
074570444007
074570319954
074570651764
074570274000
077567281920
076840400072
076840002542
031000670726
042800118387
025800023769
072655454453
637480009492
072830081054
021131001148
013800166357
013800166197
013800166951
013800366047
013800120090
013800120083
013800447869
013800047083
013800100726
013800101723
013800101716
013800103932
013800100702
042272001767
042272008117
042272010561
042272001651
042272012138
042272011285
042272008339
042272001682
042272010578
042272011292
079893107165
021131301583
021131000370
747479300179
021131506759
810006472806
827755070115
850446008739
031000670719
013800552419
013800100184
071921115616
021130133550
074570009008
077567281906
021130164295
021130090433
021130095308
072655040045
074570084067
074570483389
074570950034
074570910106
074570251179
076840101344
031205010006
021130107438
186852001287
074570114009074570114009
043301611315
021130326181
073210001716
014800002829
761720050101
072400711244
043301305818
021130107230
021130104345
021130104048
071921286644
031000700089
041322353054
011433061148
071007000331
072655001244
051000065148
021131000325
020662006066
037000753490
031000154813
037000754213
070074678399
842595127027
07827404
07827404
04050034260000
816680010310
186852000860
073214001088
030768301736
185689000500
013000002189
186852000846
032601026097
032601026080
747479300032
782045112015
028989104410
028989975003
695119120130
070085035129
017696407099
042272013203
738912330037
738912022413
025155057044
020662006004
042272001019
807176713228
020662006301
044813500043
077900471322
076840003549
051000078742
025000025198
025000025440
186852000341
074570650576
077567061539
186852000389
186852000365
186852000372
043301611933
021130091324
036000517569
850017548565
019962626531
027426632004
759283334455
037363983749
695119120154
031000700041
070077001613
025800022427
021131009366
017873705130
853237003845
818617022601
077567003201
095188000973
076542500520
021131301538
4131
4131
028989100900
071007001383
013800172037
071921319427
071921007782
071921743741
075278951095
075278950050
021130322718
075278950173
075278949979
021130214808
075278951446
075278951453
015900063963
015900070695
015900140350
015900140480
064563223368
064563229131
064563229148
888313000319
888313000302
074338007611
043695075113
043695075120
043695075137
043695075212
042800118462
042800118455
021130193554
021130193547
082988010165
021130095414
041322353054
043695071436
043695071078
043695071443
043695071160
042800118387
042800118363
042800118394
021130193523
021130193530
070085060121
070085060107
070085000783
041322195913
041322311412
041322356536
041322356475
043695056310
043695071122
043695056327
043695071108
042800109538
042800109521
042800109217
021130193516
899039002822
046704620656
046704049402
046704039106
046704620908
046704096123
043695071115
043695071092
853552003384
853552003018
853552003452
853552003469
046704610251
046704098424
046704068519
046704096406
075706151219
075706151233
075706151202
075706151226
024000250005
024000250036
082988040087
082988091843
082988011063
073321725365
073321725389
073321725396
021130111695
043695597615
043695782462
043695775068
042272001217
013800472342
013800494979
041500011073
041500011080
850022124051
850022124044
766626253892
895072000399
073321000189
073321725372
078642603002
078642603019
051500029275
051500048153
051500029459
051500048160
021130193561
021130250622
021130250639
017696407167
017696407150
017696407204
073202894531
073202894579
073202894517
017696407051
017696407044
017696407082
017696407099
071007000324
071007405204
071007507427
071007001383
850028554326
850028554319
850028554708
850028554692
071007401404
071007000331
071007001376
072180677747
072180696526
079893390406
079893390413
042272000708
042272000760
071007000140
071007112041
071007112355
021130110810
021130107568
021130108299
021130108305
073202892513
073202892537
073202892018
078487452759
078487452780
078487462710
899039002037
899039002006
899039002013
807176714003
807176713990
850030672056
079606064341
071007014673
071007062971
071007051302
071007018688
071007061400
071007023095
071007010941
071007189326
071007159343
071007185397
071007157233
071007182570
071007186141
071007016189
079606010157
079606010256
079606010355
079606010102
079606010300
075278951460
075278951477
075278951491
042272001217
042272000708
042272000760
071007112041
071007112355
071007000140
895072000399
070085049461
015900140350
015900063963
015900070695
015900140480
807176713990
807176714003
853552003018
853552003452
853552003384
017696407082
024000250036
024000250005
017696407051
017696407167
017696407150
017696407204
850030672056
017696407099
071007000324
071007001376
071007061400
071007001383
071007051302
071007062971
071007014673
071007010941
071007000331
071007186141
071007189326
071007185397
071007016189
071007159343
071007157233
071007507427
071007405204
075278951453
041322356536
041322311412
041322353054
041322356475
041322195913
899039002013
899039002822
899039002006
899039002037
075278951446
075278950173
075278951095
075278950050
075278949979
075278951460
075278951477
075278951491
041500011073
041500011080
046704096406
043695071443
043695071122
043695075120
043695056310
043695056327
043695071078
043695597615
043695782462
043695075212
043695071092
043695075137
043695071160
043695071108
043695071436
043695075113
043695071115
073202892018
073202892513
073202892537
073202894517
073202894531
078487452780
078487452759
078487462710
850022124051
850022124044
888313000302
888313000319
079893390413
079893390406
070085060107
072180677747
072180696526
766626253892
074338007611
075706151219
075706151233
021130108299
021130250639
021130250622
021130214808
021130322718
021130193530
021130193523
021130193547
021130193516
021130095414
021130108305
021130111855
021130193561
021130107568
021130110810
051500029275
051500048160
051500048153
051500211793
051500029459
013800494979
013800472342
073321725372
073321725389
046704098424
046704620656
046704620908
046704068519
046704096123
850028554326
850028554708
850028554319
850028554692
017696407044
079606064341
079606010102
079606010256
079606010157
042800109521
042800109538
042800118394
042800118363
042800118455
042800118387
042800118462
042800109217
082988091843
078642603002
078642603019
064563223368
064563229131
064563229148
766626286722
782045113159
041548536989
072830081030
042272001217
042272000708
042272000760
071007112041
071007112355
071007000140
895072000399
070085049461
015900140350
015900063963
015900070695
015900140480
807176713990
807176714003
853552003018
853552003452
853552003384
017696407082
024000250036
024000250005
017696407051
017696407167
017696407150
017696407204
850030672056
017696407099
071007000324
071007001376
071007061400
071007001383
071007051302
071007062971
071007014673
071007010941
071007000331
071007186141
071007189326
071007185397
071007016189
071007159343
071007157233
071007507427
071007405204
075278951453
041322356536
041322311412
041322353054
041322356475
041322195913
899039002013
899039002822
899039002006
899039002037
075278951446
075278950173
075278951095
075278950050
075278949979
075278951460
075278951477
075278951491
041500011073
041500011080
046704096406
043695071443
043695071122
043695075120
043695056310
043695056327
043695071078
043695597615
043695782462
043695075212
043695071092
043695075137
043695071160
043695071108
043695071436
043695075113
043695071115
073202510219
073202892018
073202892513
073202892537
073202894517
073202894531
078487452780
078487452759
078487462710
850022124051
850022124044
888313000302
888313000319
079893390413
079893390406
070085060107
072180677747
072180696526
766626253892
074338007611
075706151219
075706151233
021130108299
021130250639
021130250622
021130214808
021130322718
021130193530
021130193523
021130193547
021130193516
021130095414
021130108305
021130193561
021130107568
021130110810
051500029275
051500048160
051500048153
051500029459
013800494979
013800472342
073321725372
073321725389
046704098424
046704620656
046704620908
046704068519
046704096123
850028554326
850028554708
850028554319
850028554692
017696407044
079606064341
079606010102
079606010256
079606010157
042800109521
042800109538
042800118394
042800118363
042800118455
042800118387
042800118462
042800109217
082988091843
078642603002
078642603019
064563223368
064563229131
064563229148
021131301040
021131301347
717854154123
717854154161
717854154178
717854154192
051000065018
658276202200
021131090258
021131009373
021131009366
021131009359
031000196011
031000196776
031000196639
013800447883
013800120083
013800105851
013800214508
013800103406
025800023608
025800020393
025800020409
013800151919
013800047175
013800047199
013800047182
013800135209
013800924384
013800581471
013800661999
072655220096
072655001077
072655454415
072655001107
072655090064
072655090040
072655090071
850010060019
850010060033
850010060064
850010060071
042272011490
042272000517
042272000814
042272003525
042272003532
042272000739
042272012428
850416002231
850416002644
850416002293
850001124041
850001124010
850001124027
071007323508
071007318108
071007306792
010878030016
010878940100
010878010025
010878010032
021131501143
021131506926
021131506933
021131000424
717854152099
717854152105
717854107488
717854107495
051000065148
658276202781
021131905347
021131905392
021131506452
738912022413
738912022307
738912022345
013800120069
013800101150
013800047083
013800447869
013800120090
013800447906
025800023769
025800052400
025800020287
013800171153
013800552396
013800172198
013800245694
013800654557
013800332721
013800426086
013800358400
072655405097
072655405813
072655001053
072655001022
072655001152
072655001046
072655220119
021130104239
079893106618
042272000579
042272000807
042272000715
042272000708
042272000760
042272012381
850416002255
850416002248
850416002224
850416002637
855099007047
855099007009
855099007016
767226025056
767226035642
767226035659
767226035772
031000670726
031000100926
031000100933
031000100919
021131501112
021131506919
021131506940
717854105217
717854105019
717854105989
717854305518
717854105552
051000062765
051000062611
021131905323
021131905316
021131508029
738912022338
738912025292
738912022703
013800101709
013800100399
013800101723
013800100726
013800100702
013800100184
025800026227
025800020133
025800022427
013800174192
013800166685
013800166197
013800156501
013800930521
013800558060
013800144065
013800188076
072655001275
072655454453
072655005037
072655401044
072655001015
072655454422
021130104321
079893107165
042272001637
042272002658
042272010059
042272000586
042272002504
037363009128
037363982339
037363985514
037363986498
850012781004
850012781011
850012781028
850012781264
767226021027
767226003498
767226023717
767226339474
031000670757
031000670733
031000670719
021131000325
042272000203
042272000210
717854105576
717854105156
717854105255
717854105743
717854151146
025155000590
025155000460
025155000354
025155057112
021131504755
021131905330
021131905408
738912022390
738912022314
738912022352
013800448316
013800448354
013800102010
013800120076
013800103932
025800023202
025800029105
013800188038
013800166517
013800552419
013800166074
013800166357
013800103901
013800171320
072655001084
072655001244
072655001251
072655820005
072655454583
079893107486
021130104109
042272000531
042272001682
042272011285
042272009244
042272009220
042272009787
037363006127
037363581259
037363986634
071429002463
071429011991
071429665613
011433061148
011433110587
011433061124
011433112956
021000070701
021000070732
031000101039
031000101022
031000007386
031000007225
031000007362
025155057044
025155000132
025155000538
021131000394
021131001148
021131000530
021131905538
021131905521
738912330006
738912022321
738912022420
013800447197
013800100672
013800103420
013800447920
013800447845
013800101716
637480590341
637480090384
013800174208
013800188083
013800553300
013800172037
013800166616
013800166951
013800447302
072655001824
072655001831
072655002500
072655032200
072655001343
072655001329
072655002128
079893106724
021130104345
042272000326
042272008148
042272001651
042272012138
042272011292
747479300186
747479300179
747479300193
850036168072
850017315594
857063002065
857063002003
857063002041
850446008739
021000070718
021000070725
031000101015
031000101008
031000109387
031000007379
031000007300
025155057051
025155000194
025155000545
021131500856
021131506643
021131506629
021131302672
021131000417
738912330013
738912022369
738912022727
013800103215
013800869807
013800558121
013800791887
013800100665
013800188311
637480009492
637480090360
013800166869
013800188052
013800366047
013800166890
013800166081
013800318404
013800266804
072655002524
072655002517
072655002531
072655032194
072655001312
072655002111
021130197095
021130104062
021130104017
021130104048
042272008117
042272010561
042272001620
042272001767
042272008339
747479300070
747479300094
850010279619
850017315600
850015982286
850034905259
899764001541
850015982293
016741000704
016741377936
016741000100
016741000049
070077811205
070077811298
070077811311
816546010331
816546010386
017873705123
017873705130
031000009823
031000126148
031000126124
031000009793
021131905545
021131350499
021131000226
021131000264
021131506636
021131301354
738912330020
738912022734
738912022482
738912022710
013800413130
013800115577
013800470089
013800371898
013800938947
013800475626
013800118141
013800178992
637480090322
637480090407
013800721105
013800906250
013800333131
013800639134
013800497307
013800463401
013800810168
013800136602
072655011199
072655011229
072655011212
072655011236
072655900004
072655002104
021130197118
021130197323
021130155750
042272000302
042272000456
042272013890
042272013203
042272010578
850023875020
850023875013
850023875068
850023875006
891627002955
891627009015
899764001534
850015982583
850034905242
850028554494
072655040007
072655040045
072655040090
072655040106
070077001613
070077001606
070077811267
070077811274
072655002517
072655002531
072655032194
072655001312
072655002111
021130197095
021130104062
021130104017
021130104048
042272008117
042272010561
042272001620
042272001767
042272008339
747479300070
747479300094
850010279619
850017315600
850015982286
850034905259
899764001541
850015982293
016741000704
016741377936
016741000100
070077811205
070077811298
070077811311
816546010331
816546010386
017873705123
017873705130
031000009823
031000126148
031000126124
031000009793
021131905545
021131350499
021131000226
021131000264
021131506636
021131301354
738912330020
738912022734
738912022482
738912022710
013800413130
013800115577
013800470089
013800371898
013800938947
013800475626
013800118141
013800178992
637480090322
637480090407
013800721105
013800906250
013800333131
013800639134
013800497307
013800463401
013800810168
013800136602
072655011199
072655011229
072655011212
072655011236
072655900004
072655002104
021130197118
021130197323
021130155750
042272000302
042272000456
042272013890
042272013203
042272010578
850023875020
850023875013
850023875068
850023875006
891627002955
891627009015
899764001534
850015982583
850034905242
850028554494
072655040007
072655040045
072655040090
072655040106
070077001613
070077001606
070077811267
070077811274
013800581471
013800426086
013800358400
850012781264
025155057112
850036168072
013800860989
013800751096
013800512789
079893106588
850012781035
025155000606
850010279664
013800207333
013800798732
013800254092
013800310507
021130197101
070478970037
041508634489
021130075034
071142000067
071142000050
071142817771
071142009480
071142000098
071142000104
071142004003
071142423781
071142334162
071142000012
071142000159
840243122585
041570068366
039400019770
075140350018
030772041635
075140005055
075140005000
075140068012
075140065059
075140065028
041137005179
041137001072
850006364404
024000010623
041137000075
041137012412
041137002871
041137005377
632565000036
632565000654
632565000029
632565000098
632565000104
632565000623
041500951638
052000135176
052000046786
052000135138
052000135169
052000135084
052000042320
052000042344
052000043280
819573011739
819573013238
017800184465
037600241939
037600223188
035022100117
044600320724
044600320748
044600320649
075997007189
021130168958
027541000689
012044029831
079893127125
079893127132
075720100507
075720100828
023100033204
068274735295
068274360275
068274432279
036200004449
021130074471
021130240449
021130240326
021130334254
021130240821
016800228650
072273384897
072273390249
072273386983
021130262779
021130175116
021130338221
021130542291
021130542260
021130334759
021130293155
021130338290
021130338238
071106720147
071106720031
071106720222
071106720161
S0032390-08
S0032390-08
071106720000
071106720086
037000351559
016571956554
016571956875
634868926440
021130261901
070478970037
041508634489
021130075034
071142000067
071142000050
071142817771
071142009480
071142000098
071142000104
071142004003
071142423781
071142334162
071142000012
071142000159
840243122585
041570068366
039400019770
075140350018
030772041635
075140005055
075140005000
075140068012
075140065059
075140065028
041137005179
041137001072
850006364404
024000010623
041137000075
041137012412
041137002871
041137005377
632565000036
632565000654
632565000029
632565000098
632565000104
632565000623
041500951638
052000135176
052000046786
052000135138
052000135169
052000135084
052000042320
052000042344
052000043280
819573011739
819573013238
017800184465
037600241939
037600223188
035022100117
044600320724
044600320748
044600320649
075997007189
021130168958
027541000689
012044029831
079893127125
079893127132
075720100507
075720100828
023100033204
068274735295
068274360275
068274432279
036200004449
021130074471
021130240326
021130334254
021130240821
016800228650
072273384897
072273390249
072273386983
021130262779
021130175116
021130338221
021130542291
021130542260
021130334759
021130293155
021130338290
021130338238
071106720147
071106720031
071106720222
071106720161
S0032390-08
071106720000
071106720086
037000351559
016571956554
016571956875
634868926440
021130261901
076840674428
072609043481
021130119127
070885100270
079893407517
079893402741
867741000276
850011443194
078642101751
078642101768
031205080009
031205020005
031205010044
031205010006
042800115201
042800108005
042800113009
042800114006
042800116000
072180733665
072180566386
072180733672
071921008291
071921016685
071921016661
071921016692
072180632449
072180632432
072180632456
072180632470
013800502230
013800151834
071921551421
072180638137
072180634719
072180566249
072180741509
021130119127
021130183593
021130164288
021130119059
072180630698
071921743741
071921814243
071921497118
071921114398
071921805609
071921952594
071921477639
031205052006
643130323610
075706151080
020662006301
020662006066
042272001033
072180637161
888849007189
606541601098
079893160573
079893160580
071921376611
072180638106
072180634290
072180634696
072180741516
021130138364
021130119103
021130119011
021130164295
072180639837
071921206161
071921699642
071921706364
071921483531
071921003326
071921007782
071921913205
031205060001
643130308006
075706151028
020662006318
020662006004
042272001019
079893311128
072180636942
888849007165
606541601272
079893311180
079893311173
072180637185
072180638113
072180634733
072180741523
021130119073
021130183609
021130119004
021130119028
072180639790
071921925802
071921957032
071921670887
071921962395
071921007799
031205070000
643130307153
075706151011
020662006011
042272001026
079893311098
871459001982
856082007624
850015982750
079893121253
079893311166
072180637178
072180566119
072180633224
072180566256
072180741707
021130119080
021130119097
021130119110
021130119035
072180638748
071921115616
071921825881
071921391447
071921739997
071921763121
071921290535
071921319427
031205051009
643130314601
075706151035
075706303205
020662006028
042272001996
079893311104
850011443224
856082007600
850015982743
079893123165
079893125299
782045100050
855099007559
850011443194
031205080009
031205020005
031205010044
031205010006
042800113009
042800112002
042800476456
042800721570
071921016685
071921016661
071921016692
071921551421
072180638137
072180741509
021130164288
031205052006
643130323610
075706151080
020662006301
606541601098
079893160573
079893160580
071921376611
072180741516
021130164295
071921206161
071921706364
071921913205
075706151028
020662006318
888849007165
606541601272
072180741523
071921670887
075706303182
856082007624
850015982750
072180566119
072180633224
072180566256
072180741707
072180638748
071921115616
071921739997
075706303205
850011443224
856082007600
850015982743
079893125299
071921008277
071921535407
855099007481
855099007511
855099007498
013800987983
072180566515
072180566508
072180566324
071921199548
078642102659
071921635930
071921702823
071921171186
071921743215
071921651992
079893123158
071921971854
072180639752
071921455088
071921692575
888849007189
807176711705
807176711712
807176713228
807176713235
807176711682
807176714270
021130108299
021130108305
021130110810
021130107568
010878938787
010878015594
010878015600
010878996213
010878996206
010878810854
010878810861
852724155517
852724133317
021000070770
021000070787
031000700041
021130108459
850036168188
850036168164
031000670023
031000670061
031000670238
031000700102
031000670078
031000009120
031000670054
031000700119
031000670009
031000670016
031000620004
031000700072
031000700089
031000700003
695119133109
695119133000
695119120109
695119120000
695119120338
695119120383
695119120307
695119120390
695119120437
695119120154
695119120871
695119120826
021131905644
021131000172
031000671853
031000671877
031000650759
031000671860
031000671013
031000671044
031000671068
031000671051
031000671037
031000671006
031000671020
014500094353
014500013231
014500004949
014500015266
014500014351
014500019950
014500014191
014500019936
014500019929
014500007278
014500007117
014500014214
014500019943
854934007938
854934007945
854934007990
850015982804
850015982835
850028554975
037363985842
037363985811
037363984081
037363983732
037363984128
037363983749
037363986627
747479300018
747479300032
747479300049
747479300155
747479300162
042272009640
782045100050
782045113159
782045112015
013800200310
013800030535
013800551313
021130180523
013800143334
021130107223
013800446770
021130107964
013800356963
013800190208
013800103345
021130164264
013800190024
021130107438
013800190031
013800190239
013800232601
013800836625
013800230560
013800143310
021130107230
021130106691
013800190215
013800197368
021130191499
013800190864
013800207104
021130107827
031000700102
031000700119
021131301583
031000700010
031000670245
031000009113
695119120482
021131000370
842595106619
020000273372
020000199634
020000447124
020000273327
020000290157
020000199641
048800037215
048800037154
048800037147
048800031558
048800031947
190569504993
190569505037
020000273389
020000273341
020000199610
190569304579
190569304586
048800031763
048800164683
048800031572
190569522218
190569522287
190569522294
190569537816
190569537793
190569522195
190569522225
020000176819
190569522188
190569522270
190569124733
048800152031
048800182014
048800183783
014500021342
014500013514
014500009920
014500171719
014500021632
014500507037
014500500151
014500500144
014500987877
021130092963
021130242580
021130090563
021130242573
014500021281
014500021571
014500021304
014500021298
014500010988
014500002563
014500009845
021130091461
021130092956
021130090051
014500022837
014500021014
014500031600
014500021328
014500021830
014500023452
014500987891
021130090303
021130091829
021130164257
014500020994
014500021007
014500021588
014500016713
014500008978
014500008954
014500009050
014500009067
014500015815
021130090358
021130090655
021130090150
021130090501
021130090686
021130099436
021130091317
021130148448
021130099405
021130091843
021130091324
021130090778
021130091591
021130242511
021130090754
021130099450
021130099429
021130099443
021130099412
021130091850
021130090709
021130090426
021130091539
021130090334
021130091546
021130099467
021130091553
021130242542
021130179886
021130090297
021130090280
021130242528
021130242566
021130242535
021130091218
021130090211
021130091522
021130090839
021130091515
021130090822
021130090495
021130091003
070332001020
070332001037
070332000559
070332000535
070332000719
070332001389
070332001754
070332004298
070332001297
070332002881
070332004588
070332001587
070332001594
070332002201
021130090235
021130091171
020000145853
020000128641
020000121383
070560976633
070560976626
079893402390
079893402369
079893402376
070560901536
070560901710
070560901512
070560901611
079893401737
079893402406
079893402819
070560969024
070560970853
070560970952
070560902212
070560902069
079893401829
079893123882
079893401812
079893159607
021130138920
021130141951
190569619208
190569619192
079893123875
079893401768
032601025496
079893402826
042563015930
190569529217
190569529194
190569529224
079893401751
079893401744
032601025083
079893402413
042563007485
085432400710
085432400703
085432400758
021130090433
021130090112
021130090921
021130091980
711575003739
711575004910
794376100364
794376100142
794376100111
079893123882
079893401812
079893159607
021130138920
021130141951
190569619208
190569619192
079893123875
079893401768
032601025496
079893402826
042563015930
190569529217
190569529194
190569529224
079893401751
079893401744
032601025083
079893402413
042563007485
085432400710
085432400703
085432400758
021130090433
021130090112
021130090921
021130091980
711575003739
711575004910
794376100364
794376100142
794376100111
794376100036
021130138968
014500009029
014500017406
190569528838
190569304517
190569123002
190569124764
190569123583
190569512561
190569530008
190569123118
190569123101
021130171361
021130171378
190569123279
190569123125
190569123286
190569509387
850015982088
850015982378
850015982095
190569509394
856911007207
079893411132
079893411125
014500009920
014500171719
014500500151
014500500144
014500987877
014500009845
014500987891
070560901536
190569619208
190569619192
085432400710
085432400703
085432400758
190569530008
190569529996
048800156091
048800042196
014500019554
014500003010
070332002300
042563007478
850015982224
850015982392
190569124795
190569124627
190569124023
190569123132
838869022037
838869018023
098218841003
2669 Safeway
2669 Safeway
079685543232
850015982248
079893109626
079893158853
079893164328
079893164335
031000007355
759283673219
759283600086
759283600079
859543007003
859543007164
859543007300
810070350284
855099007597
855099007566
855099007849
028989100849
028989100641
028989100825
028989100689
028989101020
028989101044
028989101297
028989975003
028989101105
028989577993
028989104410
028989101082
028989104199
028989102850
028989100924
028989100887
028989971104
028989104779
842234000988
842234001664
842234000520
028989100900
028989971951
859806003865
859806003841
842234002470
842234002487
842234007215
842234007178
842234001398
842234002340
842234002326
810058041302
842234007192
842234007208
842234002494
842234000995
842234000742
842234000971
810058041272
850015437007
850015437038
859543007164
859543007003
859543007300
080868000107
080868000350
080868060194
079893108926
079893108957
079893108940
079893108933
079893158853
079893109626
079893164328
079893164335
833735000065
833735003189
833735003165
833735000126
860003055021
860003055069
860003055076
860008844910
195680000041
195680000034
886844308102
886844508106
886844207207
850004207314
028989104410
028989104779
079893109626
028989102911
028989102539
013120000478
021130092086
021130092109
021130092178
021130092185
043301611315
043301611377
755440000812
079685543232
013120003929
013120004698
013120008337
021130206735
021130092291
043301612022
043301305818
043301370007
043301612008
834183007033
834183007026
013120000829
013120001338
021130092161
021130092130
043301611117
043301305771
834183006999
834183000997
013120008009
013120012617
021130092604
021130092024
072714002403
072714002489
834183007125
834183007156
834183007170
834183007149
013120002861
013120012600
021130092062
021130092079
072714002229
072714008283
834183007057
072652000011
013120002588
013120014178
021130164431
021130092093
072714006630
072714006623
072714006791
072714007996
043301611919
834183007729
834183007712
043301612022
043301612008
013120000263
013120008283
013120012808
038000333644
038000256035
038000578731
038000333606
038000711978
021130095766
021130095940
021130095933
021130495740
679844104573
679844104658
679844104429
077900503085
077900503115
077900501777
077900111013
077900311017
077900334962
071007148422
071007141591
071007145766
071007149375
038000402807
038000403101
038000247132
038000396731
038000348952
021130095889
021130495757
705599013201
705599015137
705599014802
077900502101
077900502132
077900001697
077900502415
077900000713
077900002106
850011911297
850011911471
071007145711
071007146909
038000402609
038000403200
038000260667
038000280016
021130095674
021130095698
021130095575
705599012211
705599012150
705599013225
021130098354
021130098361
077900502095
077900502125
077900310911
077900502576
077900471728
850011911280
183829000014
183829000021
183829000045
038000402906
038000405006
038000404405
038000403408
021130095681
021130095988
089947302200
089947302064
089947302033
021130180462
021130098347
077900502231
077900001116
077900194887
077900192821
850028554357
850034905396
850028554364
850028554340
850028554777
850416002279
850416002477
850416002286
038000492761
038000492747
038000268045
038000131929
038000051982
079893801162
079893801155
810001561246
810001561284
679844103460
021130180424
021130180448
021130180431
077900706158
077900471322
077900471414
077900471315
077900471506
077900471407
077900471339
715141212358
715141212365
191011000872
077900365201
077900365171
033900000481
038000275524
038000279553
853363000176
853363000183
018000426980
018000426973
018000426898
018000426881
018000426911
704863028187
704863028132
704863050058
077507005104
077507005081
077507005029
043695211146
043695819892
025317006965
025317006972
025317005913
033900000337
033900200676
033900021028
033900200737
031000307448
031000184544
031000184629
031000184643
031000441104
033900075106
704863050058
021130164233
041322377074
038000275449
811463036334
077900001147
077900001130
853552003988
853552003964
850416002538
850011911457
858324006686
077900471698
077900502255
077900501777
071007145766
077900001697
077900002106
071007145711
071007146909
038000280016
077900001116
038000268045
679844103460
715141212358
715141212365
704863028132
021130098514
021130098545
021130098521
021130092727
021130098576
021130098538
021130098552
077865003538
077865003552
077865003569
077865003507
077865003514
077865003521
021130088003
021130092611
021130242474
021130088263
021130133550
021130088188
021130088843
021130164400
021130096787
021130164424
021130087655
021130087679
021130088010
021130088287
021130133567
021130088133
021130092628
021130089703
021130242467
021130081929
021130088225
021130096763
021130096770
021130088300
021130088348
021130133543
021130088812
021130094868
021130088089
021130088201
021130088102
021130088195
021130089499
021130081684
021130092925
021130088621
021130084692
021130164196
021130164189
021130088249
021130091263
021130164387
021130088379
021130088034
021130092017
021130133536
021130092000
021130088157
021130088096
021130096756
021130096718
021130088577
021130084906
041548001852
041548027852
041548016856
041548333854
041548061856
041548135755
041548018751
041548766867
041548001753
041548001869
041548039855
041548173542
041548014852
041548201467
041548772196
041548013855
041548047850
041548047867
041548034867
041548737867
041548026862
041548849126
041548396361
041548167022
041548536989
041548410098
041548023854
041548550855
041548361741
041548753874
041548074863
041548738864
041548061863
041548003863
077567254238
077567254382
077567254429
077567281920
077567457288
077567254245
077567254269
077567205186
077567224804
077567000941
044100609862
044100609886
044100609909
044100193002
044100193026
044100193132
077567226006
077567250049
077567254443
077567003270
077567254436
077567254344
077567224828
077567265302
077567283238
077567283207
077567281906
077567003393
077567002587
077567002174
077567003263
077567003256
077567254214
077567254207
077567250056
077567003195
077567000897
077567003201
058779140717
077567002563
077567227003
077567305497
072830081092
072830081146
072830081276
072830081269
072830081252
072830081207
072830081290
072830081214
072830081108
072830081030
072830081160
072830081375-1
072830081368-1
072830081085
072830081061
072830081122
072830081184
072830081221
072830081016
072830081047
072830081078
072830081139
072830081238
072830081115
072830081054
072830081191
072830081153
041548849126
041548396361
041548520292
041548537801
041548314617
041548137353
079893123868
190646630164
190646630201
190646630195
190646630478
190646630485
190646630188
190646630171
079893161686
079893161679
079893161754
079893161693
079893161662
079893122687
744473470464
744473477111
744473476138
744473000289
744473470112
744473470556
744473476213
076840000661
076840003396
076840002900
076840003570
076840001743
076840002887
074570319954
074570976089
074570360925
074570444007
074570910106
074570483389
074570674596
074570617395
074570534005
076840036745
076840100125
076840003617
076840002351
076840001774
076840101542
076840529872
076840363957
076840363940
076840400072
076840400058
076840076574
076840400218
076840485116
076840102075
076840635030
076840002764
076840100156
076840101320
076840003549
076840003075
076840003037
076840003822
076840003082
076840003099
076840002542
076840101344
076840002368
076840003600
076840551941
076840000715
076840220311
076840674428
076840100149
076840003860
076840100118
076840100811
076840101184
076840100354
076840100583
076840003921
076840100989
076840100477
076840003624
076840100040
076840003556
076840003051
076840003044
076840003068
076840002917
076840002979
076840002566
072992070071
072992070064
072992070040
072992070019
072992070057
072992070026
850009682123
850009682062
850009682154
850009682666
850009682109
850009682642
850009682000
850009682048
850009682116
850009682161
850009682055
850009682024
850009682130
858089003050
858089003142
858089003104
070640023493
858089003074
070640023097
858089003357
858089003067
858089003135
858089003227
858089003159
070640021543
858089003111
858089003173
079893093567
079893093642
079893093512
079893093550
079893093529
079893093635
852109331062
852109331765
852109331796
852109331727
852109331741
852109331642
852109331789
853149008020
853149008006
853149008105
853149008136
853149008143
853149008044
853149008181
853149008198
853149008068
853149008167
853149008228
853149008037
853149008099
860000268745
860000268721
860000268752
860000268738
860000268714
850010538617
860000268707
852455005341
852455005532
852455005655
852455005105
852455005815
852455005433
852455005129
852455005082
852455005761
852455005518
852455005068
852455005075
852455005020
852455005549
852455005792
852455005808
852455005037
852455005457
852455005051
852455005013
852455005044
852455005648
850034580036
850034580012
850034580029
850034580043
850034580050
850034580067
850034580074
075209824948
075209824658
075209827239
075209824610
075209825587
075209825563
075209824733
784830100306
784830100108
784830100955
784830100504
784830100405
784830101020
784830100986
855544006168
855544006120
855544006021
855544006229
855544006106
855544006816
855544006892
853616004050
853616004104
853616004081
853616004043
853616004029
853616004067
853616004074
850030672070
850030672063
850030672117
850030672094
850030672087
850030672100
850015096068
850015096051
850015096037
850015096006
850015096020
850015096075
850005872191
850005872160
850005872207
850005872252
850005872184
850005872177
850005872290
186852001515
186852001447
186852001522
186852001423
186852001416
186852001539
186852001126
186852001089
186852001072
186852001096
186852001454
186852001270
186852001287
186852001119
816680010112
186852000945
186852000600
816680010136
186852001102
186852000372
186852000617
186852000495
816680010310
186852000334
076840000760
186852000822
186852001263
186852000389
186852001553
186852000365
852455005877
852455005914
852455005884
852455005891
852455005860
852455005853
852455005846
074570082018
074570651092
074570082056
074570082025
074570651108
074570037001
074570434008
074570084005
074570610075
074570950034
074570084067
074570950157
074570651764
074570094004
074570080052
074570034000
074570004003
077567001023
077567001016
074570251179
074570524006
074570108954
074570812097
074570027002
074570017003
074570007004
074570009008
074570462032
074570044009
074570484188
074570651405
076840003938
074570650309
074570650583
074570980253
074570274000
074570014002
074570810116
074570044085
074570114009
074570208647
074570650576
074570024001
074534842009
074534844003
074534901645
074534901942
074534756429
021130087938
021130087907
021130300129
021130176205
021130302079
021130135271
075856000719
075856078701
021130079957
021130079964
021130134267
021130134250
021788577003
021788537007
743490004102
743490004133
682082160317
682082112156
682082060105
682082060112
682082060150
072554110184
897629000029
897629000142
070640021376
070640021383
070640021390
070640023011
070640023028
070640006632
070640021345
070640022946
070640023516
021130087945
021130087914
021130087921
072554721830
072554111464
021130087853
070640010868
070640017867
075856000511
075856031140
075856000849
047677484757
050000696598
074570651498
074570896592
074570919352
041000008610
041548379142
041548912745
041548620107
853655008156
853655008163
853655008187
853655008279
789785790503
077567061539
852109331246
852109331420
852109331437
852109331864
077567001542
077567274427
077567001221
077567001573
021130091362
021130095230
021130087952
072554387456
072554110573
072554870262
070640023530
070640023523
070640023547
075856001709
075856011203
077567132291
077567132284
077567271051
074570587506
074570532681
074570784288
074570023103
041548312606
041548751511
041548648071
041548605104
041548608105
810102160485
810102160508
810102160515
810102160522
810102160539
075856061017
851035003227
851035003319
850001974066
850001974059
077567001566
077567001580
077567001214
021130087327
021130087389
072554111860
072554001543
072554001536
072554111198
070640010875
070640023561
070640023578
075856139013
075856011135
077567193292
077567132277
077567002976
074570428540
074570033102
074570369300
074570651481
074570013104
041548517186
041548610047
041548612041
769828120450
769828160234
769828120351
769828120238
020505002606
020505002149
020505002309
851035003241
851035003234
850001974400
850001974424
021130302123
021130302130
021130302109
021130302086
021130087259
072554001505
072554112058
072554302046
072554609886
047677000513
047677301238
075856001105
075856024159
077567003386
077567002983
074570180981
074570586769
074570607631
074570652204
041548750927
041548833798
041548750958
041548751504
041548244044
041548614045
070934996168
070934997547
070934998087
070934996823
070934996830
850001974110
851035003326
851035003630
851035003043
851035003029
851035003036
073321000233
073321044060
073321000271
852838005739
021130087204
021130087235
077865001527
077865001565
077865001077
077865002555
077865002579
077865000506
077865000513
077189010090
077189011165
077189019086
072830020206
072830020176
072830020183
4710122204977
4710122205028
4710122205042
079893111889
079893111735
079893111940
079893122786
079893111742
070934996014
070934998179
070934996038
070934996052
070934998186
070934996137
850001974127
190646630898
190646630881
190646630904
190646630911
815294000205
815294000083
852838005746
041000004261
041000053153
021130099726
021130099733
072554200595
072554459245
072554273995
072554276569
072554642432
072554363887
077189017280
077189072814
077189092812
077189018287
077189019284
072830020152
072830020169
072830020299
4710131188015
4710131193415
4710131190315
186852001669
186852001645
186852001638
186852001652
787325400219
787325200635
787325200734
787325200239
787325200932
787325200840
070640013470
744473000302
744473472116
744473474127
744473492138
612781101199
695119120147
021130075003
695119120239
032601952006
044813500012
065626860087
025000025440c
071202004127
071202004103
071202004110
013800834423
021130093274
021130094165
079893406534
072830081320
073472001202
073472001233
073472001318
032100034043
680569160294
021131000189
612781201004
312547427258
856619002429
842595121759
070074678412
814558020393
842595126198
013300760406
037000479185
041167055335
842595111095
070330600065
096619217939
054100001603
051500012291
041512157943
9781935574842
037000962601
019200029223
381371018451
046500723728
019200878708
046500739637
079656045321
096619165087
013300604410
013300555392
018537241575
037600223324
632432000176
717854130509
021131509019
021131509033
852949001774
850014516956
 
 
855158002136
815863020498
013300000090
054100018304
054100018700
051500006863
088702015638
652729103205
080868029016
854262003329
080868000916
638031612383
859806003834
859806003810
037363983770
021130095322
070459005734
071429089136
023700043849
854648005398
096619003716
811620021968
310158887799
842234002128
853192001382
011152403427
072869723024
072869712837
072869713728
072869722706
072869722690
072869600011
072869713735
798782451119
798782455155
072869732781
070553001113
854934007723
854934007716
4682985809135
698997809326
852537005344
072250916561
628250179071
850021905088
892453001037
850010858043
850010858081
810757011095
628250179033
850021474744
786162411396
865336000021
021131509095
850012117513
850241008835
850012117162
850241008842
850012117179
071202163138
071202163053
855158002129
891123002053
891123002015
852949001798
680569160317
680569317704
072196003509
074677842201
850014516918
810757011682
032601025090
032601025113
032601025076
032601025120
698997809166
698997809944
698997809104
852537005917
628250179040
072250916554
853584002249
853584002232
853584002010
853584002003
073472001912
698997810384
628250179064
853584002218
678523375488
853584002201
892453001051
865336000014
698997809135
045242333585
071641355583
045888661301
045888661202
045888661103
045222661806
045888661905
045888661400
045888661509
045888671508
695119120215
bank2savings150
bank2savings150
OLP4687568324
OLP4687568324
552983705503
1000780616
1000780616
030699731169
887480037043
045242509249
071641024533
071641024175
071641349681
031000198770
736449000102
070459005581
051000024572
X003G13HUL
X003G13HUL
X003RDK6TN
X003RDK6TN
710845019517
X003IHFDNR
X003IHFDNR
Z01
Z01
Z02
Z02
E12
E12
043000200568
194880148119
879565230227
67436321424179
47031023441660
16013762389650
36999793839968
35582442717808
45478004759823
92614168022312
98361929467124
93567593805074
39198067855359
08872414165764
88848900123153
15359749359915
660726503171
78274274527075
842595127638
07243115690798
079340648791
858344005645
070200630451
636711115049
064323300308
MMXM1H1FOUGVVSZ
MMXM1H1FOUGVVSZ
5104258518
5104258518
OLP1659417325
OLP1659417325
BOOSTBILL50
BOOSTBILL50
RENT600
RENT600
LYFT-UBER-25
LYFT-UBER-25
Frozen Food 1 Med
Frozen Food 1 Med
Frozen Food 2 Med
Frozen Food 2 Med
Frozen Food 3 Med
Frozen Food 3 Med
Frozen Food 4 Med
Frozen Food 4 Med
Frozen Food 5 Med
Frozen Food 5 Med
406846544479
314863887442
970694523749
011469079185
010902731899
771400350648
171406508036
090296026198
479771795749
485044712052
348703338057
87718093950164
818411000010
052525404245
052525404276
884038850987
884038099218
079900007532
818411001741
850034905518
079900007518
818411001765
818411001758
041800109005
898806002850
048500052006
070885100232
070885100539
070885100553
898806002867
898806002843
025700003885
024100106851
024100789382
024100594412
024100116607
96261848814798
35226125806561
25306273516911
GameTally
GameTally
CARD-SPADES-1
CARD-SPADES-1
CARD-SPADES-2
CARD-SPADES-2
CARD-SPADES-3
CARD-SPADES-3
CARD-SPADES-4
CARD-SPADES-4
CARD-SPADES-5
CARD-SPADES-5
CARD-SPADES-6
CARD-SPADES-6
CARD-SPADES-7
CARD-SPADES-7
CARD-SPADES-8
CARD-SPADES-8
CARD-SPADES-9
CARD-SPADES-9
CARD-SPADES-ACE
CARD-SPADES-ACE
CARD-SPADES-QUEEN
CARD-SPADES-QUEEN
CARD-CLOVER-1
CARD-CLOVER-1
CARD-CLOVER-2
CARD-CLOVER-2
CARD-CLOVER-3
CARD-CLOVER-3
CARD-CLOVER-4
CARD-CLOVER-4
CARD-CLOVER-5
CARD-CLOVER-5
CARD-CLOVER-6
CARD-CLOVER-6
CARD-CLOVER-7
CARD-CLOVER-7
CARD-CLOVER-8
CARD-CLOVER-8
CARD-CLOVER-9
CARD-CLOVER-9
CARD-CLOVER-ACE
CARD-CLOVER-ACE
CARD-CLOVER-KING
CARD-CLOVER-KING
CARD-SPADES-KING
CARD-SPADES-KING
CARD-HEARTS-1
CARD-HEARTS-1
CARD-HEARTS-2
CARD-HEARTS-2
CARD-HEARTS-3
CARD-HEARTS-3
CARD-HEARTS-4
CARD-HEARTS-4
CARD-HEARTS-5
CARD-HEARTS-5
CARD-HEARTS-6
CARD-HEARTS-6
CARD-HEARTS-7
CARD-HEARTS-7
CARD-HEARTS-8
CARD-HEARTS-8
CARD-HEARTS-9
CARD-HEARTS-9
CARD-HEARTS-ACE
CARD-HEARTS-ACE
CARD-HEARTS-KING
CARD-HEARTS-KING
CARD-HEARTS-QUEEN
CARD-HEARTS-QUEEN
CARD-DIAMONDS-1
CARD-DIAMONDS-1
CARD-DIAMONDS-2
CARD-DIAMONDS-2
CARD-DIAMONDS-3
CARD-DIAMONDS-3
CARD-DIAMONDS-4
CARD-DIAMONDS-4
CARD-DIAMONDS-5
CARD-DIAMONDS-5
CARD-DIAMONDS-6
CARD-DIAMONDS-6
CARD-DIAMONDS-7
CARD-DIAMONDS-7
CARD-DIAMONDS-8
CARD-DIAMONDS-8
CARD-DIAMONDS-9
CARD-DIAMONDS-9
CARD-DIAMONDS-ACE
CARD-DIAMONDS-ACE
CARD-DIAMONDS-QUEEN
CARD-DIAMONDS-QUEEN
CARD-DIAMONDS-KING
CARD-DIAMONDS-KING
CARD-DIAMONDS-JACK
CARD-DIAMONDS-JACK
CARD-HEARTS-JACK
CARD-HEARTS-JACK
CARD-SPADES-JACK
CARD-SPADES-JACK
CARD-CLOVER-JACK
CARD-CLOVER-JACK
62188156089581
28014160535126
40373726334772
842595121650
096619194117
850009682086
853149008075
852109331888
30328462594107
013000008143
047677484795
857063002010
021130099481
0210465249
0210465249
3883811786
3883811786
2687835211
2687835211
5092089280
5092089280
2493210632
2493210632
0896453923
0896453923
3300030339
3300030339
0503196640
0503196640
0809178171
0809178171
600699001656
MM8G8FNSNA2DADI
MM8G8FNSNA2DADI
725437858135
947301469612
186852001560
RENT550
RENT550
28582735004
28623307048
28792473118
28792466458
28623318186
728403247079
28900209418
445130248185
038262978788
993623288436
945728297344
653341701503
MM1SF0HLGKGZA4W
MM1SF0HLGKGZA4W
369097524449
SPOTIFY BILL 10.99+TAX
SPOTIFY BILL 10.99+TAX
Google One bill 1.99
Google One bill 1.99
MOHELA PAYMENT 172.46
MOHELA PAYMENT 172.46
0110301691833029
0110301691834026
Base expenses
Base expenses
014800001822
660726534113
041570054161
021130099504
021130099498
077400881089
Sales tax
Sales tax
crv < 24
crv < 24
store bag
store bag
012121221004
889359740788
701340579477
Tax rate 9.25% botines joanna
Tax rate 9.25% botines joanna
043917811000
Expense Report 083124
Expense Report 083124
Tattoo 083124
Tattoo 083124
4011
4011
Lyft pink 14.95/month
Lyft pink 14.95/month
853004004020
021130093052
021130094141
021130094158
021130093281
021130148455
079900001691
021130136919
078000053401
SKYDIVE COST Init
SKYDIVE COST Init
rental gear
rental gear
surcharge
surcharge
021130070022
crv >= 24
crv >= 24
LYFT-UBER-25 1
LYFT-UBER-25 1
763946224014
079900001233
079900001219
021130207855
021130199198
021130093205
079893406510
021130093410
079893402987
079893402611
079893406527
079893407531
021130314683
4401
4401
WARN_CANNABIS
WARN_CANNABIS
P65WARN
P65WARN
021130180455
077900194870
021130105601
051000075086
021130086320
612781101182
612781101090
032100083614
021130385027
TERMINAL FEE
TERMINAL FEE
072830002028
612781101243
680569160232
021130085415
051000076250
051000076236
676670009966
676670001076
676670001069
032100020114
4409
4409
044209078552
051500102527
052000052855
X003A1WV9Z
X003A1WV9Z
021130086382
043000002742
043000010846
021130086344
021130086412
043000009505
676670004039
051000075024
051000075017
021130085552
021130085668
635851006408
635851006507
635851006606
635851006705
021130186020
811271001616
744473899975
0107804641850573
0100766342040448
0100812333010089
887725000450
ACR-16-V1
ACR-16-V1
082000752967
PROCLUB_POLO-L
PROCLUB_POLO-L
0100852908002101
28900216473
MM9FNQRTB7CVBUV
MM9FNQRTB7CVBUV
052000052862
0100883391041339
219112609890
079893406503
021130088539
021130088607
850012117803
850012117810
860005695201
860005695294
993623288436
738072110217
886125266527
Mm1uk5ss0r9mtqi
Mm1uk5ss0r9mtqi
UG-092123-NI
UG-092123-NI
UG-092123-NI-1
UG-092123-NI-1
764666103016
764666103016-1io238
ACR-12-V2
ACR-12-V2
FPCC
FPCC
021130314706
45762673777
87980436668
57112311924
03528930318
275606154255
196899293765
041164000666
041164000222
041646123401
041646123548
041646900248
070459009107
070459005550
070459009305
047500000062
018000855162
044813500029
041308000279
698997810247
040822440103
040822440110
MMJXL4WISTQNTDU
MMJXL4WISTQNTDU
543946614016
863683225776
077400881140
660726534212
021130177066
021130186556
222332804990
222335804997
Plastic grocery bag
Plastic grocery bag
042800107008
072180564412
072180741554
747479300230
810067726436
021130314744
747479300207
021130119066
747479300209
810067726399
021130314485
072180741530
071921286644
071921635930
747479300216
810067726412
021130314492
071921442071
747479300223
810067725477
021130314737
871459001821
853303007005
858344005546
849429001645
853616004234
0107750142000019
0110301691833029
0110301691834026
bong rip
bong rip
pipe rip
pipe rip
UG-093023-I-1
UG-093023-I-1
4166550154542524-SafewayWorker
2719418947784720-SafewayWorker
9033207686509793-SafewayWorker
2230720436600676-SafewayWorker
4477086181359785-SafewayWorker
8231451670806518-SafewayWorker
0702164505760695-SafewayWorker
7097865778761339-SafewayWorker
4427560102822705-SafewayWorker
7717233618356320-SafewayWorker
4703738260389235-SafewayWorker
4920802995376845-SafewayWorker
0046431133323292-SafewayWorker
0682350263489899-SafewayWorker
4530344294345656-SafewayStoreDirector
7947573890635019-SafewayStoreDirector
021130457359
021130457359
Lr0
Lr0
Lr1
Lr1
074234924524
855569003029
855569110604
855569110406
842595121766
842595109542
842595121759
842595106596
tip100123
tip100123
077400881041
072180741547
877168005037
877168005020
840189400518
840189400501
854262003350
859806003186
840189400624
840189400570
810094940188
810094940140
850020078455
850020078370
028989100948
028989105134
021131000288
031000198763
031000113056
717854010900
717854010917
037600106849
Confirmation code 6414
Confirmation code 6414
810025726942
810090836652
Sales tax
City tax
City tax
Excise tax
Excise tax
044209078606
096362990363
632187059740
853303007005
842595106572
A619
A619
041548026855
021130093137
658276209940
021131050207
021131123451
021000081585
021000081578
072655556270
011433135702
021131009991
850036168829
850036168911
850446008463
031000009243
031000014322
850446008715
857063002027
857063002386
031000009274
810067720366
810067723107
031000809430
031000126100
738912022741
858175003681
858175003919
858175003957
858175003926
072655655720
072655255760
072655009455
810067723169
810067723183
071757056732
011251088051
011251088020
695119120895
695119133253
011251088037
011251012704
695119120970
072180698568
072180677730
695119120987
070077811250
070077811281
070077811229
807176712740
807176712733
807176712580
031000700058
ACR-16-V1-NBC
ACR-16-V1-NBC
ACR-12-V1-NBC
ACR-12-V1-NBC
842595126198
070934997240
072869712820
072869713704
072869813152
072869742810
072869742827
072869732903
072869732927
011152084510
011152454092
01801624
01801624
01801624
29058075516
854957002965
087000005525
associate discount
associate discount
021130044184
090800000638
719410785000
newItemFromList-CU-101223
newItemFromList-CU-101223
0100851191002027
0100896460002247
632432000046
611269716467
853004004037
021130314553
021130008551
079893402758
0100812333010218
0100741839040200
842595111095
854957002965
021130166039
0100605049040125
PRICE-T1
PRICE-T1
FME-SCHMETIC-LOC1
FME-SCHMETIC-LOC1
SFT-102023
SFT-102023
888109060015
723830000216
07891108
07891108
07891108
810102160409
012993441128
610764863775
610764028495
012993441128
012993111014
012993111014
610764863775
644209405923
854957002996
07811403
07811403
07811403
854957002996
067820106539
696421462683
CFM-MUS-1
CFM-MUS-1
H20
H20
052000052862
348703338057
090296026198
485044712052
406846544479
970694523749
771400350648
314863887442
010902731899
011469079185
171406508036
479771795749
012044044070
031604018931
044500073171
849429002734
858344005546
849429002734
858344005645
610764028495
068274360077
030772057285
Tasks-103123-fzn117
Tasks-103123-fzn117
855553008153
818766011495
646412582934
850043396048
HPSBERRYBLAZEROSIN1G
HPSBERRYBLAZEROSIN1G
Ls-vpc-hp-102623
Ls-vpc-hp-102623
850043396048
Ls-vpc-hp-102623
HPSBERRYBLAZEROSIN1G
HPGUSHMINTZFLOWER1/4oz
HPGUSHMINTZFLOWER1/4oz
HPINDICAOREOZFLOWER1/2OZ
HPINDICAOREOZFLOWER1/2OZ
HPINDICALIFEHACKFLOWER1/8OZ
HPINDICALIFEHACKFLOWER1/8OZ
070330658721
070330658721
00051500025178
01208500
01208500
01208500
076308723637
Np110423
Np110423
Np110423-1
Np110423-1
EBMGHA125
EBMGHA125
Cocc-0334
Cocc-0334
810102160393
810102160416
810102160386
811620021951
734645535499
T1P-110723
T1P-110723
T1P--110723-1
T1P--110723-1
29058081513
723830051928
723830051928
083783375572
083783375572
842595127027
04241229
04241229
04241229
Np111123
Np111123
052000052862
052000052855
082000752967
0110301691833029
013000002189
041512086427
811620021951
025155000729
025155000705
025155000699
021130322558
021130322541
021131111144
013800368935
025155000682
025155000712
021130322527
021130322534
021130322565
021131006204
013800254078
025155000736
025155000781
025155000798
021130322602
021130322619
021131009151
013800482907
025155000767
025155000774
021130322572
021130322589
021130322596
810067725439
810067725415
014500007179
025155000675
025155000668
025155000620
021130322510
021130322497
021130322503
025155000651
025155000637
021130322473
021130322480
660726534113
660726503270
CLN-111323
CLN-111323
021130240449
021130158065
BRVM-PASS-111323
BRVM-PASS-111323
Cimn-111323
Cimn-111323
DMTF-111323
DMTF-111323
CUR-4-GL/W-TU
CUR-4-GL/W-TU
WLC-111323
WLC-111323
WP2F-111323
WP2F-111323
PP2F-111323
PP2F-111323
3000
3000
3001
3001
3002
3002
3003
3003
3004
3004
3005
3005
3006
3006
3007
3007
3008
3008
3009
3009
3010
3010
3011
3011
3012
3012
3013
3013
3014
3014
3015
3015
3016
3016
3017
3017
3018
3018
3019
3019
3020
3020
3021
3021
3022
3022
3023
3023
3024
3024
3025
3025
3026
3026
3027
3027
3028
3028
3029
3029
3030
3030
3031
3031
3032
3032
3033
3033
3034
3034
3035
3035
3036
3036
3037
3037
3038
3038
3039
3039
3040
3040
3041
3041
3042
3042
3043
3043
3044
3044
3045
3045
3046
3046
3047
3047
3048
3048
3049
3049
3050
3050
3051
3051
3052
3052
3053
3053
3054
3054
3055
3055
3056
3056
3057
3057
3058
3058
3059
3059
3060
3060
3061
3061
3062
3062
3063
3063
3064
3064
3065
3065
3066
3066
3067
3067
3068
3068
3069
3069
3070
3070
3071
3071
3072
3072
3073
3073
3074
3074
3075
3075
3076
3076
3077
3077
3078
3078
3079
3079
3080
3080
3081
3081
3082
3082
3083
3083
3084
3084
3085
3085
3086
3086
3087
3087
3088
3088
3089
3089
3090
3090
3091
3091
3092
3092
3093
3093
3094
3094
3095
3095
3096
3096
3097
3097
3098
3098
3099
3099
3100
3100
3101
3101
3102
3102
3103
3103
3104
3104
3105
3105
3106
3106
3107
3107
3108
3108
3109
3109
3110
3110
3111
3111
3112
3112
3113
3113
3114
3114
3115
3115
3116
3116
3117
3117
3118
3118
3119
3119
3120
3120
3121
3121
3122
3122
3123
3123
3124
3124
3125
3125
3126
3126
3127
3127
3128
3128
3129
3129
3130
3130
3131
3131
3132
3132
3133
3133
3134
3134
3135
3135
3136
3136
3137
3137
3138
3138
3139
3139
3140
3140
3141
3141
3142
3142
3143
3143
3144
3144
3145
3145
3146
3146
3147
3147
3148
3148
3149
3149
3150
3150
3151
3151
3152
3152
3153
3153
3154
3154
3155
3155
3156
3156
3157
3157
3158
3158
3159
3159
3160
3160
3161
3161
3162
3162
3163
3163
3164
3164
3165
3165
3166
3166
3167
3167
3168
3168
3169
3169
3170
3170
3171
3171
3172
3172
3173
3173
3174
3174
3175
3175
3176
3176
3177
3177
3178
3178
3179
3179
3180
3180
3181
3181
3182
3182
3183
3183
3184
3184
3185
3185
3186
3186
3187
3187
3188
3188
3189
3189
3190
3190
3191
3191
3192
3192
3193
3193
3194
3194
3195
3195
3196
3196
3197
3197
3198
3198
3199
3199
3200
3200
3201
3201
3202
3202
3203
3203
3204
3204
3205
3205
3206
3206
3207
3207
3208
3208
3209
3209
3210
3210
3211
3211
3212
3212
3213
3213
3214
3214
3215
3215
3216
3216
3217
3217
3218
3218
3219
3219
3220
3220
3221
3221
3222
3222
3223
3223
3224
3224
3225
3225
3226
3226
3227
3227
3228
3228
3229
3229
3230
3230
3231
3231
3232
3232
3233
3233
3234
3234
3235
3235
3236
3236
3237
3237
3238
3238
3239
3239
3240
3240
3241
3241
3242
3242
3243
3243
3244
3244
3245
3245
3246
3246
3247
3247
3248
3248
3249
3249
3250
3250
3251
3251
3252
3252
3253
3253
3254
3254
3255
3255
3256
3256
3257
3257
3258
3258
3259
3259
3260
3260
3261
3261
3262
3262
3263
3263
3264
3264
3265
3265
3266
3266
3267
3267
3268
3268
3269
3269
3270
3270
3271
3271
3272
3272
3273
3273
3274
3274
3275
3275
3276
3276
3277
3277
3278
3278
3279
3279
3280
3280
3281
3281
3282
3282
3283
3283
3284
3284
3285
3285
3286
3286
3287
3287
3288
3288
3289
3289
3290
3290
3291
3291
3292
3292
3293
3293
3294
3294
3295
3295
3296
3296
3297
3297
3298
3298
3299
3299
3300
3300
3301
3301
3302
3302
3303
3303
3304
3304
3305
3305
3306
3306
3307
3307
3308
3308
3309
3309
3310
3310
3311
3311
3312
3312
3313
3313
3314
3314
3315
3315
3316
3316
3317
3317
3318
3318
3319
3319
3320
3320
3321
3321
3322
3322
3323
3323
3324
3324
3325
3325
3326
3326
3327
3327
3328
3328
3329
3329
3330
3330
3331
3331
3332
3332
3333
3333
3334
3334
3335
3335
3336
3336
3337
3337
3338
3338
3339
3339
3340
3340
3341
3341
3342
3342
3343
3343
3344
3344
3345
3345
3346
3346
3347
3347
3348
3348
3349
3349
3350
3350
3351
3351
3352
3352
3353
3353
3354
3354
3355
3355
3356
3356
3357
3357
3358
3358
3359
3359
3360
3360
3361
3361
3362
3362
3363
3363
3364
3364
3365
3365
3366
3366
3367
3367
3368
3368
3369
3369
3370
3370
3371
3371
3372
3372
3373
3373
3374
3374
3375
3375
3376
3376
3377
3377
3378
3378
3379
3379
3380
3380
3381
3381
3382
3382
3383
3383
3384
3384
3385
3385
3386
3386
3387
3387
3388
3388
3389
3389
3390
3390
3391
3391
3392
3392
3393
3393
3394
3394
3395
3395
3396
3396
3397
3397
3398
3398
3399
3399
3400
3400
3401
3401
3402
3402
3403
3403
3404
3404
3405
3405
3406
3406
3407
3407
3408
3408
3409
3409
3410
3410
3411
3411
3412
3412
3413
3413
3414
3414
3415
3415
3416
3416
3417
3417
3418
3418
3419
3419
3420
3420
3421
3421
3422
3422
3423
3423
3424
3424
3425
3425
3426
3426
3427
3427
3428
3428
3429
3429
3430
3430
3431
3431
3432
3432
3433
3433
3434
3434
3435
3435
3436
3436
3437
3437
3438
3438
3439
3439
3440
3440
3441
3441
3442
3442
3443
3443
3444
3444
3445
3445
3446
3446
3447
3447
3448
3448
3449
3449
3450
3450
3451
3451
3452
3452
3453
3453
3454
3454
3455
3455
3456
3456
3457
3457
3458
3458
3459
3459
3460
3460
3461
3461
3462
3462
3463
3463
3464
3464
3465
3465
3466
3466
3467
3467
3468
3468
3469
3469
3470
3470
3471
3471
3472
3472
3473
3473
3474
3474
3475
3475
3476
3476
3477
3477
3478
3478
3479
3479
3480
3480
3481
3481
3482
3482
3483
3483
3484
3484
3485
3485
3486
3486
3487
3487
3488
3488
3489
3489
3490
3490
3491
3491
3492
3492
3493
3493
3494
3494
3495
3495
3496
3496
3497
3497
3498
3498
3499
3499
3500
3500
3501
3501
3502
3502
3503
3503
3504
3504
3505
3505
3506
3506
3507
3507
3508
3508
3509
3509
3510
3510
3511
3511
3512
3512
3513
3513
3514
3514
3515
3515
3516
3516
3517
3517
3518
3518
3519
3519
3520
3520
3521
3521
3522
3522
3523
3523
3524
3524
3525
3525
3526
3526
3527
3527
3528
3528
3529
3529
3530
3530
3531
3531
3532
3532
3533
3533
3534
3534
3535
3535
3536
3536
3537
3537
3538
3538
3539
3539
3540
3540
3600
3600
3601
3601
3602
3602
3603
3603
3604
3604
3605
3605
3606
3606
3607
3607
3608
3608
3609
3609
3610
3610
3611
3611
3612
3612
3613
3613
3614
3614
3615
3615
3616
3616
3617
3617
3618
3618
3619
3619
3620
3620
3621
3621
3622
3622
3623
3623
3624
3624
3625
3625
3626
3626
3627
3627
3628
3628
3629
3629
3630
3630
3631
3631
3632
3632
4011
4012
4012
4013
4013
4014
4014
4015
4015
4016
4016
4017
4017
4018
4018
4019
4019
4020
4020
4021
4021
4022
4022
4023
4023
4024
4024
4025
4025
4026
4026
4027
4027
4028
4028
4029
4029
4030
4030
4031
4031
4032
4032
4033
4033
4034
4034
4035
4035
4036
4036
4037
4037
4038
4038
4039
4039
4040
4040
4041
4041
4042
4042
4043
4043
4044
4044
4045
4045
4046
4046
4047
4047
4048
4048
4049
4049
4050
4050
4051
4051
4052
4052
4053
4053
4054
4054
4055
4055
4056
4056
4057
4057
4058
4058
4060
4060
4061
4061
4062
4062
4063
4063
4064
4064
4065
4065
4066
4066
4067
4067
4068
4068
4069
4069
4070
4070
4071
4071
4072
4072
4073
4073
4074
4074
4075
4075
4076
4076
4077
4077
4078
4078
4079
4079
4080
4080
4081
4081
4082
4082
4083
4083
4084
4084
4085
4085
4086
4086
4087
4087
4088
4088
4089
4089
4090
4090
4091
4091
4092
4092
4093
4093
4094
4094
4095
4095
4096
4096
4097
4097
4098
4098
4099
4099
4100
4100
4101
4101
4102
4102
4103
4103
4104
4104
4105
4105
4106
4106
4107
4107
4108
4108
4109
4109
4110
4110
4111
4111
4112
4112
4113
4113
4114
4114
4115
4115
4116
4116
4117
4117
4118
4118
4119
4119
4120
4120
4121
4121
4122
4122
4123
4123
4124
4124
4125
4125
4126
4126
4127
4127
4128
4128
4129
4129
4130
4130
4131
4132
4132
4133
4133
4134
4134
4135
4135
4136
4136
4137
4137
4138
4138
4139
4139
4140
4140
4141
4141
4142
4142
4143
4143
4144
4144
4145
4145
4146
4146
4147
4147
4148
4148
4149
4149
4150
4150
4151
4151
4152
4152
4153
4153
4154
4154
4155
4155
4156
4156
4157
4157
4158
4158
4159
4159
4160
4160
4161
4161
4162
4162
4163
4163
4164
4164
4165
4165
4166
4166
4167
4167
4168
4168
4169
4169
4170
4170
4171
4171
4172
4172
4173
4173
4174
4174
4176
4176
4177
4177
4178
4178
4179
4179
4180
4180
4181
4181
4182
4182
4183
4183
4185
4185
4186
4186
4187
4187
4188
4188
4189
4189
4190
4190
4191
4191
4192
4192
4193
4193
4194
4194
4195
4195
4196
4196
4197
4197
4198
4198
4199
4199
4200
4200
4201
4201
4202
4202
4203
4203
4204
4204
4205
4205
4206
4206
4207
4207
4208
4208
4209
4209
4210
4210
4211
4211
4212
4212
4213
4213
4214
4214
4215
4215
4216
4216
4217
4217
4218
4218
4219
4219
4220
4220
4221
4221
4222
4222
4223
4223
4224
4224
4225
4225
4226
4226
4227
4227
4228
4228
4229
4229
4230
4230
4231
4231
4232
4232
4233
4233
4234
4234
4235
4235
4236
4236
4237
4237
4238
4238
4239
4239
4240
4240
4241
4241
4242
4242
4243
4243
4244
4244
4245
4245
4246
4246
4247
4247
4248
4248
4249
4249
4250
4250
4251
4251
4252
4252
4253
4253
4254
4254
4255
4255
4256
4256
4257
4257
4258
4258
4259
4259
4260
4260
4261
4261
4262
4262
4263
4263
4264
4264
4265
4265
4266
4266
4267
4267
4268
4268
4269
4269
4270
4270
4271
4271
4272
4272
4273
4273
4274
4274
4275
4275
4276
4276
4277
4277
4278
4278
4279
4279
4280
4280
4281
4281
4282
4282
4283
4283
4284
4284
4285
4285
4286
4286
4287
4287
4288
4288
4289
4289
4290
4290
4291
4291
4292
4292
4293
4293
4294
4294
4295
4295
4296
4296
4297
4297
4298
4298
4299
4299
4300
4300
4301
4301
4302
4302
4303
4303
4304
4304
4305
4305
4306
4306
4307
4307
4308
4308
4309
4309
4310
4310
4311
4311
4312
4312
4313
4313
4314
4314
4315
4315
4316
4316
4317
4317
4318
4318
4319
4319
4320
4320
4321
4321
4322
4322
4323
4323
4324
4324
4325
4325
4326
4326
4327
4327
4328
4328
4329
4329
4330
4330
4331
4331
4332
4332
4333
4333
4334
4334
4335
4335
4336
4336
4337
4337
4338
4338
4339
4339
4340
4340
4341
4341
4342
4342
4343
4343
4344
4344
4345
4345
4346
4346
4347
4347
4348
4348
4349
4349
4350
4350
4351
4351
4352
4352
4353
4353
4354
4354
4355
4355
4356
4356
4357
4357
4358
4358
4359
4359
4360
4360
4361
4361
4362
4362
4363
4363
4364
4364
4365
4365
4366
4366
4367
4367
4368
4368
4369
4369
4370
4370
4371
4371
4372
4372
4373
4373
4374
4374
4375
4375
4376
4376
4377
4377
4378
4378
4379
4379
4380
4380
4381
4381
4382
4382
4383
4383
4384
4384
4385
4385
4386
4386
4387
4387
4388
4388
4389
4389
4390
4390
4391
4391
4392
4392
4393
4393
4394
4394
4395
4395
4396
4396
4397
4397
4398
4398
4399
4399
4400
4400
4401
4402
4402
4403
4403
4404
4404
4405
4405
4406
4406
4407
4407
4408
4408
4409
4410
4410
4411
4411
4412
4412
4413
4413
4414
4414
4415
4415
4416
4416
4417
4417
4418
4418
4419
4419
4420
4420
4421
4421
4422
4422
4423
4423
4424
4424
4425
4425
4426
4426
4427
4427
4428
4428
4429
4429
4430
4430
4431
4431
4432
4432
4433
4433
4434
4434
4435
4435
4436
4436
4437
4437
4438
4438
4439
4439
4440
4440
4441
4441
4442
4442
4443
4443
4444
4444
4445
4445
4446
4446
4447
4447
4448
4448
4449
4449
4450
4450
4451
4451
4452
4452
4453
4453
4454
4454
4455
4455
4456
4456
4457
4457
4458
4458
4459
4459
4460
4460
4461
4461
4462
4462
4463
4463
4464
4464
4465
4465
4466
4466
4467
4467
4468
4468
4469
4469
4470
4470
4471
4471
4472
4472
4473
4473
4474
4474
4475
4475
4476
4476
4477
4477
4478
4478
4479
4479
4480
4480
4481
4481
4482
4482
4483
4483
4484
4484
4485
4485
4486
4486
4487
4487
4488
4488
4489
4489
4490
4490
4491
4491
4492
4492
4493
4493
4494
4494
4495
4495
4496
4496
4497
4497
4498
4498
4499
4499
4500
4500
4501
4501
4502
4502
4503
4503
4504
4504
4505
4505
4506
4506
4507
4507
4508
4508
4509
4509
4510
4510
4511
4511
4512
4512
4513
4513
4514
4514
4515
4515
4516
4516
4517
4517
4518
4518
4519
4519
4520
4520
4521
4521
4522
4522
4523
4523
4524
4524
4525
4525
4526
4526
4527
4527
4528
4528
4529
4529
4530
4530
4531
4531
4532
4532
4533
4533
4534
4534
4535
4535
4536
4536
4537
4537
4538
4538
4539
4539
4540
4540
4541
4541
4542
4542
4543
4543
4544
4544
4545
4545
4546
4546
4547
4547
4548
4548
4549
4549
4550
4550
4551
4551
4552
4552
4553
4553
4554
4554
4555
4555
4556
4556
4557
4557
4558
4558
4559
4559
4560
4560
4561
4561
4562
4562
4563
4563
4564
4564
4565
4565
4566
4566
4567
4567
4568
4568
4569
4569
4570
4570
4571
4571
4572
4572
4573
4573
4575
4575
4576
4576
4577
4577
4578
4578
4579
4579
4580
4580
4581
4581
4582
4582
4583
4583
4584
4584
4585
4585
4586
4586
4587
4587
4588
4588
4589
4589
4590
4590
4591
4591
4592
4592
4593
4593
4594
4594
4595
4595
4596
4596
4597
4597
4598
4598
4599
4599
4600
4600
4601
4601
4602
4602
4603
4603
4604
4604
4605
4605
4606
4606
4607
4607
4608
4608
4609
4609
4610
4610
4611
4611
4612
4612
4613
4613
4614
4614
4615
4615
4616
4616
4617
4617
4618
4618
4619
4619
4620
4620
4621
4621
4622
4622
4623
4623
4624
4624
4625
4625
4626
4626
4627
4627
4628
4628
4629
4629
4630
4630
4631
4631
4632
4632
4633
4633
4634
4634
4635
4635
4636
4636
4637
4637
4638
4638
4639
4639
4640
4640
4641
4641
4642
4642
4643
4643
4644
4644
4645
4645
4646
4646
4647
4647
4648
4648
4649
4649
4650
4650
4651
4651
4652
4652
4653
4653
4654
4654
4655
4655
4656
4656
4657
4657
4658
4658
4659
4659
4660
4660
4661
4661
4662
4662
4663
4663
4664
4664
4665
4665
4666
4666
4667
4667
4668
4668
4669
4669
4670
4670
4671
4671
4672
4672
4673
4673
4674
4674
4675
4675
4676
4676
4677
4677
4678
4678
4679
4679
4680
4680
4681
4681
4682
4682
4683
4683
4684
4684
4685
4685
4686
4686
4687
4687
4688
4688
4689
4689
4690
4690
4691
4691
4692
4692
4693
4693
4694
4694
4695
4695
4696
4696
4697
4697
4698
4698
4699
4699
4700
4700
4701
4701
4702
4702
4703
4703
4704
4704
4705
4705
4706
4706
4707
4707
4708
4708
4709
4709
4710
4710
4711
4711
4712
4712
4713
4713
4714
4714
4715
4715
4716
4716
4717
4717
4718
4718
4719
4719
4720
4720
4721
4721
4722
4722
4723
4723
4724
4724
4725
4725
4726
4726
4727
4727
4728
4728
4729
4729
4730
4730
4731
4731
4732
4732
4733
4733
4734
4734
4735
4735
4736
4736
4737
4737
4738
4738
4739
4739
4740
4740
4741
4741
4742
4742
4743
4743
4744
4744
4745
4745
4746
4746
4747
4747
4748
4748
4749
4749
4750
4750
4751
4751
4752
4752
4753
4753
4754
4754
4755
4755
4756
4756
4757
4757
4758
4758
4759
4759
4760
4760
4761
4761
4762
4762
4763
4763
4764
4764
4765
4765
4766
4766
4767
4767
4768
4768
4769
4769
4770
4770
4771
4771
4772
4772
4773
4773
4774
4774
4775
4775
4776
4776
4777
4777
4778
4778
4779
4779
4780
4780
4781
4781
4782
4782
4783
4783
4784
4784
4785
4785
4786
4786
4787
4787
4788
4788
4789
4789
4790
4790
4791
4791
4792
4792
4793
4793
4794
4794
4795
4795
4796
4796
4797
4797
4798
4798
4799
4799
4800
4800
4801
4801
4802
4802
4803
4803
4804
4804
4805
4805
4806
4806
4807
4807
4808
4808
4809
4809
4810
4810
4811
4811
4812
4812
4813
4813
4814
4814
4815
4815
4816
4816
4817
4817
4818
4818
4819
4819
4820
4820
4821
4821
4822
4822
4823
4823
4824
4824
4825
4825
4826
4826
4827
4827
4828
4828
4829
4829
4830
4830
4831
4831
4832
4832
4833
4833
4834
4834
4835
4835
4836
4836
4837
4837
4838
4838
4839
4839
4840
4840
4841
4841
4842
4842
4843
4843
4844
4844
4845
4845
4846
4846
4847
4847
4848
4848
4849
4849
4850
4850
4851
4851
4852
4852
4853
4853
4854
4854
4855
4855
4856
4856
4857
4857
4858
4858
4859
4859
4860
4860
4861
4861
4862
4862
4863
4863
4864
4864
4865
4865
4866
4866
4867
4867
4868
4868
4869
4869
4870
4870
4871
4871
4872
4872
4873
4873
4874
4874
4875
4875
4876
4876
4877
4877
4878
4878
4879
4879
4880
4880
4881
4881
4882
4882
4883
4883
4884
4884
4885
4885
4886
4886
4887
4887
4888
4888
4889
4889
4890
4890
4891
4891
4892
4892
4893
4893
4894
4894
4895
4895
4896
4896
4897
4897
4898
4898
4899
4899
4901
4901
4902
4902
4903
4903
4904
4904
4905
4905
4906
4906
4907
4907
4908
4908
4909
4909
4910
4910
4911
4911
4912
4912
4913
4913
4914
4914
4915
4915
4916
4916
4917
4917
4918
4918
4919
4919
4920
4920
4921
4921
4922
4922
4923
4923
4924
4924
4925
4925
4926
4926
4927
4927
4928
4928
4929
4929
4930
4930
4931
4931
4932
4932
4933
4933
4934
4934
4935
4935
4936
4936
4937
4937
4938
4938
4939
4939
4940
4940
4941
4941
4942
4942
4943
4943
4944
4944
4945
4945
4946
4946
4947
4947
4948
4948
4949
4949
4950
4950
4951
4951
4952
4952
4953
4953
4954
4954
4955
4955
4956
4956
4957
4957
4958
4958
4959
4959
4960
4960
4961
4961
619422470195
323900039414
323900039407
323900025523
323900040632
MMICHBOMKMNEFV1
MMICHBOMKMNEFV1
BLBLL-111623
BLBLL-111623
CNLN4UPC-111823-0
CNLN4UPC-111823-0
012044044926
Sswb-30lb
Sswb-30lb
644209405930
644209405930
WCTN-111923
WCTN-111923
810628031887
602755011111
602755011111
810628031887
041500766034
0107802821012513
2B46-150-112523
2B46-150-112523
024000162865
850006348442
01215908
01215908
863737000121
850006348459
856651002753
049000014235
0107503017022032
044700032503
021130322312
080686001607
Inf-11.30.23-6am Mary Ellen Styer 
Inf-11.30.23-6am Mary Ellen Styer 
723830153196
723830153196
HPXJ13FLOWER1/2OZ
HPXJ13FLOWER1/2OZ
HPCOOKIESANDCREAMXSECRETWEAPONFLOWER1/2OZ
HPCOOKIESANDCREAMXSECRETWEAPONFLOWER1/2OZ
080686001409
GWA-110323-0
GWA-110323-0
000000059558
044700034071
072273391642
Dep_317
Dep_317
835229000308
Freezer_temp-1am
Freezer_temp-1am
041322224699
041322224774
041322224798
041322225481
043695051032
043695166910
043695921236
070085035082
071007018343
071007031724
071007158414
071007187438
077507005012
077507005036
077507005050
628250511253
628250511475
628250511604
717854131001
855099007023
860005208425
860005208432
877168005006
MM4MLRWRADZCHOM
MM4MLRWRADZCHOM
020000101651
015300200425
020000103143
021130122073
041548003856
849429001645
076840580743
076840580767
076840674442
077567254276
077567254504
079893093000
079893093017
079893093024
079893093031
079893093284
079893122731
079893122748
079893122755
186852000242
186852000310
186852000327
852455005389
OLP3538048371
OLP3538048371
29058094045
088004025748
WRK_NT_10-55-am
WRK_NT_10-55-am
850050515005
